2.5
2.4250000000000003
2.35225
2.2816825
2.213232025
2.1468350642500003
2.0824300123225
2.019957111952825
1.9593583985942402
1.900577646636413
1.8435603172373205
1.7882535077202009
1.734605902488595
1.6825677254139368
1.632090693651519
1.5831279728419734
1.5356341336567143
1.4895651096470128
1.4448781563576025
1.4015318116668742
1.359485857316868
1.3187012815973622
1.2791402431494412
1.240766035854958
1.2035430547793091
1.16743676313593
1.132413660241852
1.0984412504345964
1.0654880129215585
1.0335233725339115
1.002517671357894
0.9724421412171571
0.9432688769806424
0.9149708106712232
0.8875216863510865
0.8608960357605538
0.8350691546877372
0.8100170800471053
0.7857165676456921
0.7621450706163213
0.7392807184978317
0.7171022969428967
0.6955892280346098
0.6747215511935715
0.6544799046577644
0.6348455075180314
0.6158001422924905
0.5973261380237157
0.5794063538830041
0.5620241632665139
0.5451634383685185
0.5288085352174631
0.512944279160939
0.4975559507861108
0.4826292722625274
0.46815039409465165
0.454105882271812
0.4404827058036576
0.4272682246295478
0.41445017789066135
0.40201667255394163
0.38995617237732355
0.37825748720600394
0.36690976258982394
0.3559024697121293
0.3452253956207653
0.3348686337521423
0.32482257473957815
0.31507789749739085
0.3056255605724692
0.29645679375529504
0.2875630899426362
0.27893619724435714
0.27056811132702635
0.2624510679872157
0.2545775359475993
0.2469402098691712
0.239532003573096
0.23234604346590304
0.225375662161926
0.21861439229706817
0.212055960528156
0.20569428171231144
0.19952345326094215
0.19353774966311396
0.18773161717322057
0.18209966865802407
0.1766366785982834
0.17133757824033483
0.1661974508931249
0.16121152736633118
0.15637518154534122
0.15168392609898093
0.1471334083160114
0.1427194060665309
0.13843782388453504
0.1342846891679991
-2.5
-2.5
-2.5
-2.5
-2.5
-2.5
-2.5
-2.5
-2.5
-2.5
-2.5
-2.5
-2.5
1.6666666666666665
1.6166666666666665
1.5681666666666667
1.5211216666666665
1.4754880166666664
1.4312233761666664
1.3882866748816667
1.3466380746352165
1.30623893239616
1.2670517644242754
1.2290402114915469
1.1921690051468006
1.1564039349923965
1.1217118169426246
1.088060462434346
1.0554186485613155
1.0237560891044761
0.9930434064313418
0.9632521042384015
0.9343545411112494
0.9063239048779119
0.8791341877315745
0.8527601620996274
0.8271773572366385
0.8023620365195393
0.7782911754239532
0.7549424401612347
0.7322941669563977
0.7103253419477057
0.6890155816892746
0.6683451142385964
0.6482947608114384
0.6288459179870953
0.6099805404474824
0.5916811242340579
0.5739306905070362
0.5567127697918252
0.5400113866980704
0.5238110450971282
0.5080967137442144
0.4928538123318879
0.47806819796193123
0.46372615202307343
0.4498143674623812
0.4363199364385097
0.42323033834535434
0.4105334281949936
0.3982174253491437
0.3862709025886694
0.3746827755110093
0.3634422922456791
0.3525390234783087
0.3419628527739594
0.3317039671907405
0.3217528481750184
0.31210026272976793
0.302737254847875
0.29365513720243885
0.2848454830863658
0.27630011859377485
0.26801111503596153
0.2599707815848826
0.2521716581373362
0.24460650839321607
0.2372683131414196
0.23015026374717706
0.2232457558347618
0.21654838315971894
0.21005193166492733
0.20375037371497964
0.19763786250353013
0.19170872662842423
0.1859574648295715
0.18037874088468422
0.1749673786581436
0.16971835729839935
0.1646268065794474
0.15968800238206393
0.15489736231060203
0.15025044144128383
0.14574292819804543
0.1413706403521041
0.13712952114154087
0.13301563550729475
0.1290251664420758
0.12515441144881345
0.1213997791053491
0.11775778573218858
0.11422505216022305
0.11079830059541633
0.10747435157755385
0.10425012103022721
0.10112261739932027
0.09808893887734058
0.09514627071102034
0.09229188258968976
0.08952312611199913
0.08683743232863916
0.08423230935877991
0.08170534007801651
0.07925417987567611
0.07687655447940589
0.07457025784502384
0.0723331501096732
0.07016315560638313
0.06805826093819167
0.06601651311004594
0.06403601771674446
0.06211493718524199
0.060251489069684715
0.0584439443975941
0.05669062606566619
0.0549899072836963
0.05334021006518536
0.05174000376322976
0.0501878036503328
0.048682169540822696
0.04722170445459799
0.0458050533209601
0.0444309017213313
0.04309797466969138
0.04180503542960068
0.040550884366712656
0.039334357835711216
0.03815432710063993
0.037009697287620824
0.03589940636899209
0.034822424177922424
0.03377775145258468
0.032764418909007095
0.031781486341736984
0.030828041751484923
0.029903200498940307
0.029006104483972183
0.02813592134945306
0.027291843708969487
0.02647308839770046
0.02567889574576938
0.024908528873396386
0.024161273007194593
0.023436434816978744
0.022733341772469374
0.022051341519295418
0.021389801273716546
0.02074810723550504
0.020125664018439782
0.019521894097886516
0.018936237274949974
0.018368150156701367
0.017817105652000363
0.017282592482440417
0.01676411470796717
0.016261191266728137
0.015773355528726274
0.015300154862864445
0.014841150216978426
0.014395915710469165
0.01396403823915513
0.013545117091980518
0.013138763579221191
0.012744600671844618
0.012362262651689182
0.011991394772138531
0.011631652928974478
0.011282703341105193
0.010944222240872126
0.010615895573646039
0.010297418706436634
0.009988496145243442
0.009688841260886072
0.009398176023059613
0.009116230742367915
0.00884274382009682
0.00857746150549392
0.008320137660329152
0.008070533530519342
0.007828417524603814
0.007593564998865609
0.00736575804889954
0.007144785307432588
0.006930441748209581
0.006722528495763225
0.00652085264089024
0.0063252270616636075
0.006135470249813579
0.005951406142319193
0.005772863958049612
0.005599678039308209
0.005431687698128851
0.005268737067185025
0.005110674955169525
0.004957354706514394
0.0048086340653189725
0.004664375043359481
0.00452444379205863
0.004388710478296964
0.004257049163948157
0.00412933768902981
0.004005457558358926
0.0038852938316081163
0.0037687350166599742
0.003655672966160228
0.0035460027771753388
0.003439622693859956
0.003336434013044176
0.0032363409926529307
0.0031392507628733132
0.0030450732399872394
0.002953721042787638
0.0028651094115041075
0.0027791561291588885
0.002695781445284151
0.0026149080019257196
0.0025364607618679536
0.0024603669390118378
0.0023865559308415382
0.002314959252916271
0.00224551047532886
0.0021781451610689115
0.00211280080623677
0.00204941678204964
0.001987934278588188
0.0019282962502305877
0.0018704473627236594
0.0018143339418420722
0.0017599039235868474
0.0017071068058791994
0.001655893601702818
0.0016062167936516936
0.0015580302898421828
0.0015112893811469518
0.001465950699712426
0.0014219721787211092
0.0013793130133596065
0.0013379336229587756
0.0012977956142700363
0.001258861745841866
0.0012210958934666394
0.0011844630166626402
0.0011489291261627343
0.0011144612523777298
0.0010810274148064457
0.001048596592362383
0.001017138694591413
0.0009866245337535773
0.0009570257977410179
0.0009283150238088567
0.000900465573094511
0.0008734516059017316
0.0008472480577245811
0.0008218306159929689
0.0007971756975130972
0.0007732604265876297
0.0007500626137900034
0.0007275607353763647
0.000705733913315143
0.0006845618959156141
0.0006640250390381297
0.0006441042878670977
0.0006247811592309915
0.0006060377244539338
0.000587856592720204
0.0005702208949386111
0.0005531142680904822
0.0005365208400476717
0.0005204252148462096
0.0005048124584009272
0.0004896680846488089
0.00047497804210934187
0.0004607287008461469
0.00044690683982082644
0.0004334996346262443
0.00042049464558751025
0.00040787980622001283
0.00039564341203330856
0.0003837741096723413
0.0003722608863821364
0.0003610930597906403
0.00035026026799691575
0.00033975245995696566
0.00032955988615812615
0.00031967308957350223
0.00031008289688632117
0.00030078040997967294
0.0002917569976801815
0.00028300428774974407
0.000274514159117345
0.00026627873434375003
0.0002582903723134855
0.00025054166114397703
-1.0
-1.0
-1.0
-1.0
-1.0
-1.0
-1.0
-1.0
-1.0
-1.0
-1.0
-1.0
-1.0
-1.0
-1.0
-1.0
-1.0
-1.0
-1.0
-1.0
-1.0
-1.0
