-1.3643650655459494
-0.0
-0.0
-0.0
-0.0
-0.0
-0.0
-0.0
-0.0
-0.0
-0.0
-0.0
-0.0
-0.0
-0.0
-0.0
-0.0
-0.0
-0.0
-0.0
-0.0
-0.0
-0.0
-0.0
-0.0
-0.0
-0.0
-0.0
-0.0
-0.0
-0.0
-0.0
-0.0
-0.0
-0.0
-1.0444500038484838e-06
-2.843430649196402e-06
-5.1506564859338565e-06
-7.142422917359967e-06
-1.0258238005398527e-05
-1.3343752522578267e-05
-1.6815642051802147e-05
-2.0981922636969522e-05
-2.5023431335300364e-05
-2.8314116311391806e-05
-3.14333595848111e-05
-3.5620535663711326e-05
-3.6881361194759596e-05
-4.0913138957884586e-05
-5.0302698374442126e-05
-6.924274764843783e-05
-0.00010236014182070319
-0.0001284137579955158
-0.00015756897297858558
-0.0001999920478006156
-0.00022432110030634077
-0.00026576890044762016
-0.00028147135613952
-0.00029762725533101996
-0.0003304999356177321
-0.00033692574659336836
-0.0003578659134323255
-0.0003637837461054512
-0.00037986812114101904
-0.0003892684293794391
-0.000381216061046259
-0.00039020967487130503
-0.0003786789704452304
-0.00038205513499701434
-0.00038847660311219935
-0.0003771021202212155
-0.0003787733547703177
-0.0003778591457847961
-0.00038135301148356716
-0.0003685869706147825
-0.00036937224708318743
-0.00036833852154614894
-0.0003722367814144634
-0.0003602552770966838
-0.0003620549539780149
-0.0003621474764318083
-0.00036721088148254497
-0.0003693809876804256
-0.0003549513043402663
-0.0003566451391791092
-0.00036322819773079755
-0.0003667031657221351
-0.00036775476398553497
-0.0003670137392069595
-0.00036503544941870894
-0.0003564612145145249
-0.00036000002216235937
-0.0003614623193927364
-0.00036135621272114475
-0.00036638116027011634
-0.0003685804612564482
-0.00036862530036912646
-0.0003797452882127045
-0.000379597683610847
-0.00037383009270654764
-0.00038097900147091355
-0.0003699607455621498
-0.00036314155046491284
-0.00032585889922138555
-0.0002944636658968042
-0.0002767445250584269
-0.00027314305323418913
-0.0002877987909803201
-0.00033397107425106126
-0.00045859316351904355
0.0
0.00010946543669619954
0.00014553920768675086
0.00016174435967079403
0.00016886938633073326
0.0001706312405834924
0.00016876173121094546
0.00016426986644145765
0.0001578535289521867
0.00015005599761159054
0.00014133045376383993
0.0001320674237133558
0.00012260671154294727
0.00011324336158706907
0.00010423236726502566
9.579485828464309e-05
0.00014775150558038978
0.00018953852971798055
0.0002217561122802347
0.0002710845268662623
0.0003081033430880204
0.00033393143170039444
0.0003497922563526833
0.00041905138420759975
0.0004258436311949666
0.00046280738456647196
0.000436834480432094
0.00043769954509975244
0.00046843933203967973
0.0004614047421804287
0.00044422454862199533
0.00045477668505912374
0.00041453972637592226
0.00041772963365997306
0.0004216788660652229
0.00039669435045580517
0.00037713965067738737
0.00038389214813062624
0.00036181522971329963
0.00038252846124949247
0.0003704338131036834
0.0003668791732823524
0.0003695271450093213
0.0003456840216626361
0.0003666531640597707
0.0003554199676585334
0.0003538476771769565
0.0003591782153941788
0.00033698653497165205
0.00036211626943240884
0.00035269844203418473
0.0003533833814974528
0.000384469672620161
0.00037227381175407873
0.00036963083791138586
0.0003404624467101081
0.0003633749649181567
0.0003676656105664357
0.0003790495887835393
0.00035857213043714246
0.0003880310317419935
0.00036165803059044847
0.0003510998315715478
0.0003750184347189867
0.0003588528344912692
0.0003558204670447594
0.00037042996173741765
0.0003624168221393099
0.0003294665355730555
0.00038417651300913416
0.0003443966958510099
0.00039276659200615445
0.00034840648332742143
0.0003930854088519569
0.00034664852953721493
0.00039017556023274
0.00034329734678547653
0.0003871979907661481
0.0003405675142070652
0.00038540367342581976
0.00033909797598844497
0.0003848466266899363
0.000338688172188898
0.00038509942703337033
0.00033888691942537215
0.00038570270913669693
0.0003393085847791906
0.00038634955088218267
0.00038353718651338567
0.0003640198732881995
0.00036707833160426674
0.0003535589857679833
0.0003614369172557055
0.0003518072673335999
0.0003620541320752632
0.00037611665641077384
0.0003532716754788929
0.0003703766552668613
0.00038677646110152564
0.000350246312942702
0.00037346180533723045
0.00034272701049249275
0.00037066337937338023
0.0003581915241470495
0.0003649195766330079
0.0003545648084531981
0.00039320188340256695
0.0003398643587881657
0.0003841995929112734
0.00037853063678801465
0.00035934306848275514
0.00036186170484807183
0.0003715023070887191
0.0003474095372408307
0.0003641045990918479
0.0003814177718559803
0.0003613008422530865
0.00036265102689522625
0.0003499009742038907
0.0003876978389318174
0.0003341150589934176
0.00038001295657978895
0.00037561044018479076
0.0003572178181465277
0.00036099347277098847
0.0003715163087995197
0.0003837947930180687
0.0003449943116916565
0.00036827972020304304
0.0003530142584261142
0.0003594589663631057
0.000349153985786953
0.0003898131157876193
0.0003808089752043095
0.0003589430134792641
0.0003605050435836635
0.00036979921983871464
0.0003816257983507984
0.00034271601165218054
0.00036656388429070986
0.0003517136373203098
0.00038774388530330106
0.0003325495083000716
0.0003786315752875155
0.0003742617042559119
0.00035585790335065974
0.0003601842083532264
0.00037119099167563807
0.0003838202705008075
0.00034509005615186104
0.00036867773699920833
0.00035277482651254344
0.0003888533264939487
0.0003333760579392161
0.00037940174286407046
0.0003742413627464084
0.00037723676108296887
0.00034837213434659944
0.00036242896179666643
0.00037852673344082203
0.0003572052424879571
0.00036028610150378376
0.00034707511527227064
0.00038697103166356815
0.00037746456603623296
0.00035637300664013186
0.00035825271576044737
0.00036826204429995916
0.0003808773790201499
0.00035761890752451466
0.00035850341052898335
0.00034535094627406363
0.00038491827294372604
0.0003759241641950543
0.0003544708666288085
0.0003574534958064616
0.0003680979380795164
0.0003809848350745368
0.0003424536747176617
0.00036709841185772154
0.00035194314707244267
0.0003887391984151277
0.00033324391033536557
0.00037990083053359943
0.000374716736318209
0.00037763690043977427
0.00038447641221231563
0.0003424835262854133
0.0003645372826479369
0.0003485872735839117
0.0003851601346271038
0.00033009561053140736
0.00037750013173107555
0.00037334783406166587
0.00037704356563043927
0.00034831436353000494
0.00036287234532966404
0.0003791917809297366
0.0003576005253812905
0.00038919492196107133
0.0003312640339010508
0.00037616663557922113
0.00037097455989684144
0.0003744649787808888
0.0003458393151324778
0.0003610413934103693
0.0003779936529176905
0.00035710411378488225
0.00036044085596439427
0.0003474064526686813
0.0003876633343670535
0.00037793042389658066
0.0003776507660095243
0.00034668949500450956
0.0003600557768618937
0.00037610267689165325
0.0003551371128558486
0.000358471560807948
0.0003460157658114036
0.0003866841739590615
0.0003774409996850221
0.0003775055022815004
0.0003465511235365039
0.00036018596919733454
0.0003763268152444675
0.00035545236158709596
0.0003585165648699765
0.0003461857537191124
0.0003867676355151387
0.00037752621696319794
0.0003775660326943618
0.00034646842695355834
0.00036017132065844685
0.00037632693668137067
0.00035551981834786153
0.00035840851497075067
0.00034620740442960207
0.000386761991883132
0.0003775559499019956
0.00035635079427296724
0.0003585395708236589
0.00036868356328236587
0.000381311556821953
0.0003577117705877751
0.0003589117903288522
0.00034536485038985296
0.0003852364477304302
0.0003759518712383628
0.0003549116716592686
0.0003574676146054761
0.00036799830025097173
0.0003809522333972477
0.000357633702235416
0.0003588510357183187
0.0003454917994894205
0.00038538956243982657
0.00037612223343172653
0.00035498486280898184
0.0003575647862487693
0.00036808020677958137
0.00038100122680045597
0.00035768409035222796
0.0003588062844897247
0.0003454927475277431
0.0003853719365048056
0.00037612000596112355
0.00035493271274720107
0.00035755919208736736
0.00036809317788626556
0.00038101470267699634
0.0003577175374059582
0.00035877457853874866
0.0003455044397580918
0.0003853715934242439
0.0003761307379393566
0.0003549019303578612
0.00035756178189316523
0.00036810732416696807
0.00036191411351034226
0.00032182228893049914
0.00018867450007781212
5.953097460365664e-05
-0.0001326387984309753
-0.000252835018857624
-0.0003071298450229665
-0.00038110461098343496
-0.00042770890521721613
-0.00045040442457489234
-0.0004206453661443218
-0.000407494390676761
-0.0003864143217166209
-0.0004103702239102053
-0.00038999756688357757
-0.0003638215268065348
-0.000362884832463774
-0.0003728274993067076
-0.0003509646222841249
-0.00037039027416065095
-0.0003543193847490085
-0.0003771961207137904
-0.0003624458615146186
-0.0003622829373082116
-0.00038045801166617884
-0.0003764129165693333
-0.00034842412183535166
-0.0003590711159847347
-0.0003239130586090718
-0.0002842470130212904
-0.0002744839293496477
-0.0003086743831827896
-0.00047442647611296927
-0.003236119017839533
